3132
9495
9619
7721
9173
8917
4969
9190
5925
2885
6404
2257
2974
7125
5796
4223
8290
4307
1067
4354
4721
8668
2193
6982
4968
9833
5200
8269
1270
7072
6166
7401
1079
348
5896
8772
3326
4816
3045
5328
652
4701
861
2421
455
6341
6984
2147
3593
1569
4319
6560
4549
5553
3947
6656
1484
2603
6444
2850
4062
1033
7723
674
1910
8820
2896
895
2251
9112
6838
4965
627
4370
8106
9305
8072
8960
1729
4539
6050
9606
1843
6372
3063
2922
5227
1004
6994
9298
4603
9387
3611
9616
4331
1961
2665
2947
3135
6220
5662
9133
251
6069
5750
9698
7228
9066
2866
8196
7576
8926
2675
2352
639
8526
2522
2009
8474
8485
3619
3471
3720
8513
3001
4514
5812
119
9890
6514
2910
9996
4922
6001
3476
2870
4730
5130
3212
3080
1209
9936
333
8435
6507
9819
4890
4780
7030
4434
3368
2647
2354
7979
8752
5393
1909
4022
8273
7497
4293
6824
7732
8679
1607
4135
1508
8581
5856
7559
6112
7658
6075
9074
8732
6449
4799
4875
6456
3615
9304
158
5887
8008
3351
7986
436
2669
8222
5737
203
9288
2350
3718
8571
509
4841
4565
1241
9461
6145
5972
3296
30
5428
3243
8753
7952
6010
8055
1687
4774
7070
3859
3465
5474
381
8224
6163
5257
2738
5743
2702
7917
1509
7460
8126
4414
6131
7594
9458
7055
4525
3089
4139
3229
9937
1563
1469
8610
3186
6360
1532
4843
76
8901
8595
5285
4750
3348
6269
5409
5012
7040
2897
5294
3799
9485
5371
295
1347
1783
4226
432
6862
4474
5274
316
555
4993
6953
1000
8046
8293
7500
13
7806
3875
1567
7725
1905
1982
114
1086
1112
9292
9983
4881
4902
1855
9871
4570
2434
7326
9955
86
8776
2467
3354
7220
5473
6793
2956
4648
219
3393
1743
829
500
7814
209
110
1811
7324
4169
4172
8476
340
8975
6686
2844
3107
7511
5204
6496
4644
2842
5527
2927
9068
7271
6401
4262
5338
6195
4432
4905
9840
5116
2047
6692
4761
7912
407
9672
1315
3888
9575
6137
7020
270
6602
8961
2878
3531
2915
1993
3695
1308
3350
6836
9639
5691
705
7359
362
9995
1394
4057
9442
8564
635
4621
274
3408
6231
6683
1210
8537
1478
7561
5327
9220
182
1614
3425
5826
5108
3832
9577
6904
4690
4704
5261
1474
6099
2031
647
6677
9876
3420
3260
6023
2250
8301
6664
6065
7135
9119
870
986
9532
5381
5055
6317
3826
7266
1212
3878
6477
1089
8702
3646
4013
9079
6701
7447
4125
1523
6042
6993
8391
3304
5824
2383
4692
8519
3352
2442
2455
8596
8311
7442
2168
7573
4398
248
5567
1546
7549
9844
7579
1584
4498
3889
7512
1983
5238
6920
5134
1711
7568
2116
3762
3000
3997
1466
3281
1506
8380
9661
868
4292
8179
477
7142
3184
3716
6204
2764
6398
5923
4497
7896
2402
1489
8616
9158
260
8955
3785
5727
3426
9938
1771
3529
7562
4838
6538
6465
5714
8543
1295
5197
7947
2502
546
9225
2290
3802
3561
1892
5403
1331
8252
3964
445
404
425
4975
7119
2957
5062
6985
107
1261
9098
8339
3901
3604
8310
958
1971
9327
3481
483
8590
1919
9054
2322
7717
4316
9049
7362
303
1147
3636
9631
314
5375
9335
9010
8585
1380
1671
7012
457
4429
6546
7550
6674
3664
2302
178
1660
5652
230
2339
1467
9743
827
6000
6727
7832
6161
9525
7277
8598
5657
8093
7201
5203
9299
9100
1998
7928
480
1784
6310
8428
4048
1535
9881
2320
3886
4486
4548
826
2977
4195
7539
9645
264
4576
415
8540
1960
7117
3648
140
3872
9440
901
7320
5442
8182
2948
3459
2052
2279
1063
3928
9896
2283
4624
5484
2904
41
7263
2714
3881
4680
5840
8998
6311
5976
7619
4743
6434
3805
2308
2832
4688
3363
5541
2717
816
3166
2171
672
7634
4622
8698
8650
7061
6079
9982
5917
2660
7314
3657
1421
8810
4499
1947
8449
4567
6569
2564
8719
3403
8742
8057
7731
7231
8134
624
8520
3518
3225
3144
7743
1561
1952
9175
6684
8401
1636
5361
1992
9563
6935
5167
8389
6293
2311
1684
7683
1229
7653
1149
5117
380
3726
4100
9951
2202
3159
8440
6521
7719
9758
7706
4063
6744
278
1354
1284
1969
6251
6523
1177
8260
8118
60
3096
5577
6608
8708
2061
7551
6090
6808
823
2194
5524
5128
2986
7454
1712
7959
4484
2920
6047
2704
6321
1580
7196
2398
5561
8902
2563
3843
7820
1801
6312
6475
3612
8908
4353
2526
968
838
2166
5765
2908
4959
6056
5459
2252
6581
1427
3635
7777
7813
1722
9782
6337
6672
9177
3340
2825
864
6769
2212
9836
4029
5416
4020
8161
2938
2340
1325
7863
726
9987
9671
3451
5072
2926
5272
6975
5712
6847
4502
4003
6284
559
7240
2220
7084
5171
2650
1957
8417
2531
4407
7788
4050
9344
5829
3912
2280
2285
2236
3424
3713
3538
5921
4722
8844
8989
5426
2328
2478
8139
5295
3911
5449
9726
9101
4295
4562
9789
8846
6140
5142
6485
3625
5024
3274
5800
6940
2077
7281
1649
4479
2499
7567
9197
2668
9016
6338
7087
656
3539
6188
4162
7772
2759
6921
4521
1652
1385
5135
5114
3854
6980
2157
8305
8711
967
7149
1196
8705
494
7865
8517
3803
930
7922
3751
722
3608
9282
2271
556
4532
6484
8605
8002
9427
600
4142
5148
9893
9184
6480
768
9617
9022
468
1536
3278
7730
6846
2798
7699
5661
4286
5757
2757
8958
3839
8107
4418
4144
6823
3242
7771
3846
7478
942
6054
5441
3830
609
2185
6068
3980
9028
9711
1789
3301
1894
563
8364
8879
9636
7354
8086
6218
6707
9518
9915
7191
1258
9478
700
8172
5139
5959
5140
5624
775
9859
4873
4683
4859
4831
5180
7821
459
343
3457
8888
7184
7114
2835
4625
6229
8912
4060
2114
5391
9885
6519
631
808
5050
6476
3040
3602
1638
4618
883
4077
2873
2976
7783
8945
1519
27
8649
8903
1867
8887
2076
9946
3915
1013
4820
606
3293
4132
715
8509
5339
2982
8821
8740
5123
3605
3115
7842
8306
7745
5848
3687
4952
9381
8682
5623
3545
9785
7400
3755
3847
9804
4900
4887
1583
3482
5297
4961
9957
4141
3282
1244
9935
3406
7696
3834
657
9052
6690
387
1199
493
8027
7524
2654
7944
9247
7245
6296
5787
3669
4075
8944
9559
5601
3381
932
8593
7684
1328
7257
1714
2473
3743
4594
3313
6462
4481
5146
4726
168
8061
1507
9235
179
8878
5531
817
6148
9680
9314
7063
7995
2987
8432
9554
1444
2123
379
6578
3706
9457
1115
5534
771
159
429
2148
8279
196
2689
8615
8799
3768
2087
81
1122
6191
4835
1121
5859
9690
1901
6640
2231
2969
1719
6152
9940
8234
6510
1886
4804
40
7556
701
5620
2806
8345
1036
9102
7185
4037
8606
7470
574
3035
6185
361
3828
6103
8315
320
758
4909
8268
9315
8718
8514
6638
573
4382
360
3618
553
4605
3883
1081
4010
3433
4937
8232
16
4259
9571
7301
3525
7229
5789
5136
6607
1397
8018
6200
6763
4772
5076
9928
3120
5156
9018
3498
2545
4376
5555
3546
2121
6556
7202
4364
2735
1104
1153
1481
8190
2162
4737
7113
73
8512
6126
3357
306
378
3237
150
6299
8528
9918
6911
4709
6008
2376
161
2585
1361
2468
2079
790
8407
449
5320
5039
2486
6528
9084
4647
5137
5395
8638
4995
6966
8281
6432
3193
9784
9628
971
3253
9149
1853
5355
5912
8388
2029
5563
1475
9421
5899
1
5810
6588
9912
6011
7580
1739
2633
8189
7882
8906
2491
4287
3588
4384
9239
9120
937
2314
5576
3134
9570
8383
2310
5354
3336
6060
8470
1299
9087
3026
5032
6723
5364
7033
2229
6006
9899
6681
1009
6333
5793
9614
878
3586
8953
6156
9189
1316
995
3644
2298
3388
9986
8484
7200
3041
5834
6038
6870
8574
1497
9891
4191
9262
9115
6240
7137
9676
1934
79
589
5655
5768
6005
3750
2063
9407
1750
9867
2891
6807
2420
2424
2
4200
6852
9373
2381
187
3993
5191
2745
3759
8255
7888
4264
2189
9234
7332
8095
991
143
2923
1307
7681
8657
6121
8183
1763
3043
4368
3113
4312
5217
5850
5784
8548
5544
5234
9055
9493
1779
2510
4483
5955
5122
7697
4719
7265
8981
2423
5216
7904
2605
6770
4980
1925
6795
4745
9207
7348
3855
703
9449
6527
4854
3369
8367
6866
6509
2365
8931
3005
2167
9705
8673
9863
2344
4809
2911
9561
7779
9233
1239
2861
6048
2230
8535
109
3196
4888
4992
670
1486
6848
6695
4428
4685
229
9662
9741
1148
5761
1495
1683
2816
735
1724
2615
5813
3933
3609
7203
3053
1967
2792
5980
8359
839
3387
6274
3945
5008
8138
2440
5147
7134
7669
7930
6486
2907
9038
9497
1424
841
9242
1457
7764
7138
6766
5471
1837
3932
5255
1817
4400
594
7099
2548
6533
4424
9157
4769
2574
8592
9007
7720
9861
9895
2023
4199
2206
7221
5439
7728
8259
5429
1708
7815
2939
7915
8192
6517
249
9139
4041
2153
2781
2793
2818
4339
9017
1187
6044
2273
9602
6336
709
7616
1300
6799
4306
5178
7686
8747
5091
3333
1162
9230
2180
9828
3807
4615
1438
939
4732
6551
5026
646
1942
7018
4575
29
8687
2770
1897
6254
6219
4801
5804
5052
4720
4072
5978
1954
4824
1349
3292
6750
7424
4822
1599
3460
4014
2875
167
2821
4386
297
7024
1165
865
1782
36
1612
4435
6473
6035
6582
1931
2413
8934
2625
2463
2796
2690
7635
6243
2160
5222
149
1032
8527
5760
4084
5732
6016
1186
5469
959
4844
7936
6976
6474
2778
2196
4198
7120
3798
4332
9969
8763
993
9966
2640
1550
4261
5006
4099
2040
6594
3469
5005
7415
740
344
5263
8433
9378
4850
9498
4297
3085
5013
1503
4896
3114
8973
28
6031
3142
5740
5314
3291
5037
8003
1621
1547
5606
998
6743
8505
7938
1057
1906
5570
8731
5501
8589
9970
5556
9063
3794
5803
8766
7774
5415
914
3653
7085
1902
64
8786
3810
5095
5895
4363
7393
3412
6593
6882
8690
5387
9142
4696
2401
9374
4815
9110
6574
1956
2053
4413
4127
940
286
1094
4659
4918
3949
5526
376
1628
7323
7104
4028
4713
7651
1795
9352
1396
7509
1321
7675
6828
9923
418
4983
6287
2696
8233
7884
5385
6331
6907
3668
2432
981
9810
1653
4543
1797
1936
9553
4447
4842
9159
1090
7655
858
7569
4733
7797
6928
5653
1230
8964
7351
3940
2693
9283
6644
9205
3473
3032
7341
3315
1176
1568
3400
2307
5685
5952
7486
3822
4117
1130
6062
5166
338
1644
5023
8437
4847
2914
8075
9753
6618
6049
7233
9500
8843
8510
9856
6210
2358
2782
373
2780
2435
3676
3264
1502
7943
1733
5308
292
2755
3060
1490
3104
4649
1376
5598
9290
2808
7538
8724
1242
2637
4880
8313
4021
6589
1822
5559
8553
4697
5499
8456
2104
9444
8746
7429
2059
4106
9107
2513
9852
177
6320
7519
8822
479
5291
5213
3769
1406
6724
6899
1765
9039
5366
7001
7932
580
2972
2577
6864
7892
7700
7339
3591
2259
3306
7107
2950
7462
3236
154
3153
276
1042
5383
7042
4251
6905
9366
5903
6502
2575
9423
3231
475
2817
7715
4229
8678
9905
5771
5638
8921
5325
6738
9799
3182
7366
298
34
5866
1408
8082
9420
3167
1340
3722
2262
5226
2211
8029
7851
181
6013
7034
1699
9735
7690
8041
538
1996
8400
4787
8317
5963
4930
1134
4039
1198
47
2871
8015
9131
7352
8348
2664
7514
6610
3499
9228
4679
1286
9714
9841
5822
6139
4145
2766
4584
551
8181
4606
5432
7014
8617
7974
7631
7021
1593
7838
1260
4511
8629
6039
9324
1225
2845
8285
327
2065
9922
9618
8707
832
7179
2749
7548
3654
7306
6021
6871
5807
2865
3394
3893
6064
7095
813
6782
7377
3068
1836
632
2874
6732
8676
2997
8836
26
4834
2687
2394
5417
7934
4723
7773
3908
318
899
9985
9668
3100
6370
9489
7682
2731
6995
7555
2387
9732
9240
1926
8500
3607
6015
1700
4895
2529
8044
2266
7861
8409
8923
2228
1345
4934
7897
1003
1077
2973
9569
6704
9334
1139
7374
1841
6358
5710
2129
7799
8141
1085
3790
3221
8374
9572
9832
8927
8164
8102
2763
2860
6703
4894
522
649
8220
6425
6696
7430
6253
1371
3865
7826
3346
614
104
4323
7971
7707
9124
1191
2289
7337
93
9187
8381
9557
3521
5507
9271
4784
8007
7206
4031
6923
6421
9114
113
4074
7905
207
2347
8562
5202
3467
3409
9372
4263
7204
2999
7792
1799
5698
843
3556
4678
1395
4443
1697
5719
3081
4923
3631
4217
5948
7174
6600
2943
699
4919
3715
1382
1217
9967
3845
2789
5704
2477
9278
7960
7054
3642
9608
9644
4204
8842
6239
3155
5885
8045
6669
9185
2916
1929
1266
6053
7933
7547
7088
4592
8242
7607
6914
1220
5092
1285
4283
3966
9558
935
374
9194
469
7845
5252
1188
9910
5110
3359
4296
973
4862
5341
9008
9868
371
6641
2758
7967
6851
763
3680
5144
4051
765
7542
5965
4265
4725
5775
11
7626
7441
7674
5044
5861
4500
2610
7992
9992
6713
5515
5349
3896
5437
2951
6128
5675
4489
3777
6900
1985
4081
4999
6705
3651
7899
7315
5766
5367
6105
8114
4242
1133
5969
3062
6236
5071
3697
289
7126
3861
5877
1754
4882
240
9146
4239
9051
3263
7827
3880
7881
6033
5694
1480
6374
6680
9933
321
1156
7824
1874
3866
7397
8498
859
3189
4224
8833
7313
7803
3262
2783
156
8039
7841
7411
8444
661
7853
3430
5670
3033
7405
8837
8451
7008
6073
7644
6712
4946
6491
2741
4367
2734
5845
704
4067
9878
507
5572
2903
8684
1622
3748
6525
3998
7290
7156
8342
9012
3737
6676
2132
8201
1235
3404
5816
1553
7649
4016
1341
8631
9377
6489
9611
7989
6553
8504
4110
9565
8976
2144
5973
897
3973
122
3042
2022
6586
9433
1128
1464
7584
2241
3550
8924
2613
8935
2996
6086
9802
4044
6611
7456
4289
989
5476
3344
2586
1333
3059
9550
7437
855
43
7268
1987
8839
630
3905
5994
2828
948
3677
5950
5951
3076
5420
3804
2326
1512
2525
5279
8365
6102
4327
8169
5265
35
9167
4455
6472
9034
6245
3547
8358
1511
8473
2753
5728
7186
4093
4001
8459
2519
385
1963
9897
3463
9579
9144
1435
1129
2295
8730
9901
6030
6629
2403
7426
1625
593
9368
6214
8309
9725
446
9078
2857
623
7330
6092
3813
4290
3022
7123
5931
9408
8787
6344
557
8167
803
686
1594
4579
5960
7949
9165
9311
9567
9312
6052
2805
5631
8143
492
4535
9113
215
1786
2399
1578
9589
56
339
7136
5906
503
3735
5932
4059
2334
6468
8240
71
8225
1041
1157
7311
3950
5493
1715
9729
6806
7349
5616
812
1123
575
9902
8706
6702
7147
9776
5628
6403
1203
6522
1537
5940
774
880
547
1303
5475
714
9701
4949
3534
7901
548
8988
6378
2641
6950
1172
4668
5099
8636
3018
5218
598
4708
4156
3765
2515
3325
4355
9600
8486
8701
7964
9740
6839
6384
6524
308
7133
2509
242
3205
8775
172
283
1972
3454
9866
6294
2315
4693
9512
225
4910
5603
4800
8695
8565
7528
3752
1113
6349
6282
1496
8248
7090
6407
5886
7344
9093
1293
4716
2588
9418
1099
4864
165
9053
7007
696
1730
111
1788
9817
441
1666
3616
6785
4350
1281
8963
2900
4628
9186
1632
5792
2925
4203
2592
3125
7611
8325
8911
5551
8304
3757
7793
9445
6508
4462
3140
1702
9042
6773
216
3099
6160
3117
473
2411
9081
4855
9683
5317
6364
3109
5236
7534
5483
6965
5642
220
2601
1981
8745
8152
7130
1208
4123
6123
4857
2247
1966
5843
212
1575
528
9669
6917
9260
9815
2691
5020
683
1918
6947
5715
5079
6246
5243
1110
659
4651
2799
4437
4277
2430
7076
2543
8735
2630
4507
4711
8674
5369
6605
7173
2541
3565
9339
9847
8362
6002
7168
5593
1656
3130
5194
831
9009
1879
5379
8104
5686
950
8035
9693
9635
8053
6390
1858
4547
3322
7416
416
4630
2443
8495
4171
919
8591
1674
6639
9405
4444
3746
5057
5127
80
542
2508
6458
2992
9348
8550
450
1017
8024
7182
5388
6784
2685
7230
2069
3891
408
8666
6670
7213
5823
1368
6665
3020
9684
123
3899
6119
6004
3544
6
5482
9503
8710
7440
5802
6648
8871
4517
431
5498
180
6154
6591
6203
5360
2848
7846
8579
788
8430
5455
8765
7757
8840
4105
213
7498
9264
9697
3477
8026
3101
6585
8295
5289
462
7215
8533
5701
1417
8783
12
1411
8425
8940
9767
9706
4472
6446
202
2649
2722
3951
7672
9399
6291
4002
7924
1709
5621
3753
7659
3766
3338
2183
3455
6779
5746
3271
2709
6263
7398
6651
1893
3407
9088
9345
5993
4024
4409
1024
8542
1410
1201
9934
1109
9346
4954
5232
2540
7176
2437
544
4448
599
5207
990
8211
5250
6798
5344
9125
2282
2100
3384
190
2481
454
9728
637
6342
430
7654
4558
8085
2305
1226
1949
992
2151
7844
7554
8156
6659
6945
867
3681
1764
5868
6036
9943
9977
1717
1774
849
3138
5303
7216
8419
2609
7451
1269
438
8392
591
366
7100
8238
5284
14
395
5470
2254
7966
4271
6835
7106
7183
1126
4026
8292
7875
7809
3098
7361
7016
300
6801
3944
2528
9043
5001
7890
5858
8469
8191
6760
1288
5045
9279
9469
6802
679
1845
9425
761
8132
1135
818
2476
3171
6840
6932
5301
9806
5884
6466
9435
6505
8856
4281
6715
1207
8019
233
3979
1807
5814
7396
5801
2233
5520
19
4994
8569
2312
7718
3527
6228
2209
9465
1008
324
1259
7036
4173
6885
1924
2877
5752
6834
9605
8703
4116
512
5287
6368
1232
2458
4401
5692
9154
486
3536
1570
1975
7151
5253
6678
8939
2955
5602
5844
773
5597
3850
447
1830
4291
3152
9677
2712
1932
7170
8489
596
2494
9597
2382
8552
9842
6022
3961
5131
3624
97
566
3389
8332
3829
9903
8714
8868
975
9919
6867
4981
3055
5684
8561
9609
8165
7025
2165
5502
5683
9090
8796
9853
5540
2217
3975
6393
9687
7479
2110
3297
8699
6252
2288
8076
8049
2201
5093
5725
776
120
4686
2108
8826
9300
6020
3672
439
5852
6857
6749
7831
3261
9820
9191
3533
8601
8205
8681
4808
3763
8482
7531
414
7448
98
9422
4869
772
8487
6694
4236
5309
3700
3500
917
4043
5078
1111
2368
8351
4449
2695
105
1213
5905
1953
7816
6439
8819
1083
8672
7056
6110
2436
5060
5920
4058
6583
4911
3479
9123
8100
9484
9001
9027
6230
3628
9156
8203
5682
7414
4182
8994
4216
1180
5219
160
9713
3936
5408
3652
6720
9306
6570
189
6747
8578
1703
9581
2451
560
9610
805
8090
2204
2375
9984
301
3093
4102
4928
4955
6745
7327
8827
6970
2578
7536
1705
237
5033
5042
2190
1387
1744
4574
1834
7739
7472
4385
5891
7035
6872
7029
2667
2284
2553
2453
9491
8423
2126
132
9846
7736
3091
9709
6380
2255
9254
5990
6132
5040
5430
2089
5639
1195
9640
332
7965
423
8397
2490
8680
8185
7977
3965
7606
5288
9014
2155
7597
5781
9128
9148
1175
5854
3245
7533
7015
1305
4794
5999
8373
1847
6964
9361
1430
6601
183
1748
4137
2431
1124
2174
4243
8424
2980
9858
4650
3650
5155
6369
4131
4129
2760
8368
9775
4997
2802
5299
8442
3003
8070
941
7458
9545
1637
7276
6436
1798
169
1690
1889
6122
1306
5954
9704
4212
3037
9127
6767
6109
1022
4673
5820
4656
7880
9873
2005
59
1038
9472
194
3960
6667
3917
4091
8861
3219
5599
9721
115
1581
9650
4253
5537
2433
4706
3232
597
7392
7891
2010
4190
5198
8109
6276
8443
7603
7141
6515
7789
3963
3927
5853
3823
3474
887
5953
247
3868
8647
6765
4978
8790
4196
6622
8936
4184
9309
8289
8641
2700
7598
413
578
7274
797
1504
7074
1831
5922
4230
7638
1840
7810
2567
7729
245
2459
9333
1433
4436
2187
4667
9637
3275
3923
7177
9383
4433
8427
9453
6225
7197
2747
6399
7395
8208
9206
3778
6775
4268
8795
7517
8946
5512
8621
7526
6693
8307
6619
8236
4908
8664
7805
9657
4420
2294
9622
6270
5996
7289
8037
4025
8563
4494
3661
9325
7297
4228
1838
8769
4208
4441
642
515
9862
8454
2869
2936
4791
8004
210
8021
272
3522
9180
2078
1499
9181
7091
7388
2293
4825
100
1025
9403
6096
7819
8078
124
5929
5138
7753
273
148
3070
4408
5735
4089
4218
6422
6071
4710
9464
5660
2930
7620
238
7640
3038
5188
3895
2057
6691
9295
2133
1564
6800
4754
7469
4252
2090
8390
8567
5296
4731
6281
1586
7287
5224
4848
6897
1287
9953
7703
1500
6598
8643
6385
6927
5452
5324
4008
5400
6913
2679
1007
7150
2970
2651
5539
7232
4970
4840
3266
8011
3286
1558
9786
2113
9380
8284
3772
7449
3840
8720
6279
3788
3517
5841
170
1211
4006
4349
46
6580
1384
4724
9824
9231
1482
9289
5465
7407
4571
5678
5397
2242
2728
4365
1056
3589
4150
2635
2068
5121
1183
2309
6028
3267
8551
2222
1342
3727
9322
39
1989
118
5256
4935
7837
2465
4394
8697
8017
5087
6322
3515
7864
2482
9293
9226
8847
1883
2824
8412
745
7705
6416
1524
5396
7248
2607
9848
4990
6113
9477
6776
7552
7207
5939
9448
6487
2128
4219
1114
8737
4357
7581
2919
8123
5689
7665
5741
994
8559
611
8965
1302
2492
1441
9227
7312
7455
9330
5615
5716
67
7802
4163
155
4736
9057
4488
7546
1087
828
8163
6886
2888
9169
4404
6986
617
9013
8611
330
545
4375
7817
1862
5481
7662
2158
5574
7343
3989
6849
7553
72
9808
4655
9932
8886
7225
9258
4598
6714
5009
9962
142
9626
4430
4147
5208
9471
1194
3701
3396
7373
4738
6943
1668
6875
527
3413
900
3251
7391
951
4278
6786
2737
4227
5034
3377
4810
4845
6351
2624
4101
5799
7529
9150
7160
2075
9763
7019
7648
2648
6812
9849
7589
1150
3355
6459
4947
7622
3137
9178
5542
3197
8777
4211
9746
4658
2941
5082
1781
7308
5300
4270
4613
625
3934
258
9023
1470
4233
3280
1805
8320
2901
6159
2608
6461
7098
6869
8721
3851
495
4379
7780
396
8984
2119
268
4874
2591
4160
3083
6706
2042
2858
293
7294
8782
7951
1434
779
8091
5632
3731
3566
8413
5168
3472
8832
8791
5926
6543
7652
6460
3039
9795
8140
1184
405
1322
20
2859
9540
1277
8270
9265
1116
8918
920
9598
7219
6552
4705
7515
1761
357
742
2639
2198
1279
470
8507
9196
7537
6414
5610
4580
9129
108
5626
8404
8062
3314
3128
2946
1576
2670
9724
2852
345
4464
7238
7948
5457
8
2379
6415
8166
4681
1848
5596
6135
3512
3730
5488
2419
9779
6628
5723
9272
8322
7370
2080
4300
1554
6817
2534
2084
8340
6124
6334
8694
5924
8792
7869
9827
1775
511
2771
9353
1021
5751
4476
3143
8088
7293
3178
7387
2732
2501
5447
669
3738
5248
4007
4092
488
3585
6772
5997
7710
5170
2178
3283
7112
5458
5195
5463
3150
4682
8997
9171
409
8895
8064
4231
8875
3754
822
6822
367
8149
3520
811
195
5298
8338
4504
8023
4124
3030
6896
1456
682
6117
5938
7049
1857
5319
2318
4205
7545
7218
7368
4620
3192
9564
6997
1944
5440
6751
6361
3884
3903
2619
9343
1425
7282
4932
8696
9041
7535
2140
3876
7331
3206
7691
2161
4128
1713
3090
7973
5933
8377
5833
3201
8258
3058
3685
6115
7364
116
1741
5048
6590
4318
7935
1018
6990
6854
3580
6366
7592
6499
1088
8127
9787
8894
8275
2130
3723
918
8312
6179
5522
5316
3362
3122
539
3066
690
5058
5286
4209
3622
4698
3857
3203
7384
5486
8327
7873
1588
3920
9708
5608
8081
5533
7380
9246
9526
6290
5650
8646
2809
5419
2597
5863
9313
2655
4917
8905
7544
2460
9118
4320
1471
4546
9528
7212
9080
7836
2652
4238
6878
9116
8555
8418
7353
8781
7379
1818
5424
9612
7746
4011
3559
1579
2981
785
3198
65
9195
9521
4324
3931
1019
9809
6922
8038
3276
8265
8168
7309
3127
1832
4931
6095
8468
3784
9354
6642
3509
5106
7425
4284
3817
2853
4245
4582
9319
7389
3247
2556
5569
1100
9516
317
2565
1452
3634
3480
7685
5438
2590
8446
7785
9547
7876
9911
7222
5080
2549
3629
2195
9474
9870
63
9382
6471
3590
9688
5815
697
6961
2400
3288
6539
5049
7688
6562
8749
1178
3530
5902
3974
6699
2547
9450
96
9886
1473
2801
8869
5384
7252
2466
4328
7852
4915
1769
7310
8200
9388
824
2064
3576
5713
2826
2803
2880
1096
2099
2867
7585
2829
801
9607
3375
6199
6040
2321
9627
2612
4121
6778
5754
9243
7625
7755
9959
4776
9615
5359
3233
4786
7759
4451
882
4897
6771
3617
9238
9964
4767
5546
6198
9067
4885
9436
7563
2145
7910
2632
3226
2002
1693
4267
5881
1323
8228
6535
5046
1548
2203
6138
6805
3220
1460
8920
6175
4982
7483
6511
866
5882
2207
5398
1454
626
4052
1930
2905
4055
3353
9494
3562
3939
1164
5454
9814
3028
8241
4614
9390
1388
7666
1846
6891
6557
9588
8502
9217
1686
8347
5773
4863
2143
6440
6788
4280
921
7357
287
2688
7583
2176
1598
9199
1250
1849
2787
4634
7849
9514
8287
9759
8445
1878
3249
4186
6176
4416
8125
7708
3277
1356
7726
7226
8145
1882
9875
6151
2105
2568
9362
4593
3489
8229
218
4627
9587
3162
8453
3057
389
8213
6931
2186
2917
9224
3555
1745
6941
2025
1521
8438
2156
1468
9389
2389
6536
7328
9182
6787
117
2552
6516
9523
6180
4146
3146
5425
6118
8883
1600
6999
7872
1633
1706
3371
3526
5088
5028
7004
3959
9162
8959
6428
3191
4771
6617
2961
688
1043
1556
4760
1514
9375
5472
619
4957
4177
6227
3488
4221
8250
5645
2349
6962
1170
2855
9069
3341
4564
6548
6518
1615
8028
8271
8354
2497
7408
5186
3557
4670
5872
312
6981
3603
5898
9176
9419
9161
9203
6014
7855
1873
3708
644
2091
9140
5228
7650
1737
9136
5780
8411
6406
5036
9993
1609
5411
9263
9336
4529
2978
502
8990
127
1374
7194
9275
9376
3864
1483
4492
3383
9212
2775
956
2551
2740
8848
6371
1828
3319
7931
2336
9865
6165
5479
9168
5394
6452
7750
1005
31
4130
4193
7101
1829
6671
3244
8759
3764
9907
508
620
4943
2446
7236
9797
4189
903
2218
1255
7152
7484
440
802
4082
9447
1856
6780
5358
9024
592
2032
1939
3364
322
665
9761
1206
1915
1381
6761
9200
1566
1860
8882
1659
3227
3290
2762
6530
9094
7490
1810
525
6085
911
2530
9104
9551
2103
2819
2035
1413
5700
8414
5126
8899
3914
6437
267
4879
6873
6386
1571
3956
175
759
5579
1587
6025
7180
7521
1639
5511
7452
2995
359
5485
3744
2991
2795
1296
4619
3583
7954
5633
3984
1076
8546
4213
4868
1138
902
1916
1310
8036
7493
7115
4490
4545
815
3448
4133
9872
9790
1572
5838
2768
5677
2159
7302
8914
3452
4554
2750
1863
6309
8661
9251
5600
8382
8855
7804
9781
4819
4086
5518
4531
9036
8346
1136
7925
8144
3540
8210
4073
6809
8406
702
7262
4796
4877
2343
543
2681
8462
2045
8807
3088
6685
6339
9663
516
4438
7983
518
375
1011
406
676
5184
5120
736
5162
1657
9037
7980
9152
1431
326
1390
3675
5566
3183
4406
8344
9002
9329
3871
8712
8148
5907
5818
6768
4557
6157
6314
9584
2037
9586
1728
9108
6395
9590
288
996
9562
9860
1450
1560
9659
4748
25
6029
1488
9095
754
448
4734
444
6388
7503
7578
7692
5480
4986
3444
520
9754
2924
605
6375
9981
2756
9000
664
5957
8744
6708
9576
7431
4792
6376
3573
3108
3163
8450
112
7808
7244
1098
5016
6620
6534
6541
4747
7856
9475
296
5911
792
5336
4806
8393
8835
2094
8969
821
2561
8175
3330
588
2297
5237
4751
5519
4577
7958
5378
350
5992
7889
5521
5192
8785
6150
3118
8129
126
641
5334
9766
8243
5865
5842
2533
9029
1543
8626
1623
3402
1252
7022
8274
6330
1721
1358
6643
4087
1826
8247
8751
9183
9294
5494
2571
5755
5644
1159
2743
8913
9533
5372
1446
6949
7693
1747
354
7508
3239
4402
719
3972
7103
3942
1549
946
2028
4174
9960
2511
5758
6662
7242
5839
2937
2606
5368
5212
4797
1759
2616
1256
8119
8625
3524
3793
227
9788
3105
6288
4246
5964
5889
4926
157
906
5590
9716
5412
7283
4757
3747
3641
6675
4098
2092
1965
8079
8471
2488
2109
7970
1723
8048
3154
608
9715
4065
2659
5211
7937
9218
3691
3919
6098
125
4366
3139
8602
6141
7446
9675
8421
8635
8089
2720
8729
8272
4423
5832
8667
9058
4326
1436
2761
6926
5637
1494
6257
9280
7256
3141
8889
2246
5808
4119
8962
1678
9509
5112
4636
6827
3010
2124
4763
2303
9347
7987
8277
663
7253
9412
9310
751
9426
4942
5949
5466
1773
5946
6278
1073
6400
1884
8838
1876
7118
4275
7048
6283
6881
2841
4967
8375
8804
587
5983
2718
9783
1192
2483
6717
8904
4159
3011
9172
9830
8094
465
8554
6235
9501
6306
9647
5125
9621
7741
433
3503
8355
5696
3173
3048
3269
5019
9466
3486
8054
6271
3079
8713
8808
5733
1816
8568
7365
1485
1962
3514
7272
6125
2013
4530
536
6272
8669
4453
9505
9396
5583
4765
8530
5280
2729
1174
6853
8494
8328
4485
5293
7510
6868
8170
4921
9287
2653
6409
3265
356
7525
1246
3050
5496
7474
3240
2223
7045
8398
1218
7796
7765
3147
8942
3072
8115
121
9511
6248
5374
8478
6709
1510
633
4746
3376
6205
1092
7506
1800
9341
4508
3228
2416
2535
7193
2020
6957
5340
2030
2327
4240
6144
1274
1050
3300
5215
4411
2055
437
4197
3916
3179
4015
1449
1562
3148
5464
5797
3483
1010
7017
8830
1215
5313
5982
4925
166
1219
8294
7564
718
6408
8770
5611
8978
3323
5267
541
1061
4341
5477
8299
6307
3575
2629
5513
6759
836
1946
7131
7501
2593
9651
4802
5068
7477
9510
6934
2580
3497
1870
7516
6924
962
737
733
910
422
6061
8521
6821
8900
9989
281
8803
8547
6513
9221
9496
8497
1574
6216
5356
3792
4583
7923
1151
9371
4070
6359
7668
4023
8529
2149
9025
966
5875
2085
7249
708
3180
711
6725
5984
4712
4637
1141
8722
1080
1868
9004
1071
2863
6748
6417
6169
7333
3439
6958
8853
5589
729
9796
6977
1263
8688
6433
7162
7866
5545
4396
4317
2364
6418
4803
7760
568
8194
7450
6070
7421
8952
2386
9291
5104
2721
6438
4889
4536
1027
5699
6819
687
4397
2177
5154
4988
786
7080
1377
4176
2697
5427
70
9718
1015
2644
9805
6222
5000
8665
1984
2299
5659
4170
3968
2093
3014
467
6142
4595
3885
8780
2899
2537
5618
4596
7694
8857
1240
8237
6719
3733
9064
1752
6757
2269
2719
4974
8108
8251
976
3894
7269
5205
5547
129
1691
1223
4004
7109
893
4903
3034
1864
3478
7523
7660
1045
6259
2138
83
265
5935
2954
894
4390
5235
9948
3496
8648
9739
655
6967
1667
365
5708
9105
9065
2642
9400
412
3490
5247
6609
384
7874
1933
3031
186
540
8538
7854
4134
2106
2393
7385
3170
5264
6887
7893
8580
6077
3814
4674
1895
8376
3169
1181
3248
1137
9083
2752
4953
6267
5190
7102
3440
8604
6114
6305
881
6571
8968
5276
4005
6018
4861
8566
1091
146
4410
8005
717
7946
9213
5067
3302
6879
4684
1768
3670
4727
4714
4749
9734
3501
9443
8891
8818
1228
8466
3957
5414
653
8173
5266
1251
5174
6698
8971
6933
5525
2965
3235
6577
550
3421
6649
6084
5557
8291
7859
3121
6604
523
1589
2006
4669
204
1796
7609
6718
472
3414
2016
256
1861
8607
3095
8503
1127
5967
7677
9667
1920
2426
4826
9889
8986
2776
8523
6298
5173
5102
2036
1451
9153
965
8142
4538
9006
4813
1887
3632
7742
1534
9529
8584
4254
8522
1375
2452
5233
3161
9244
6736
5326
5331
3103
1362
2705
6426
2967
5880
1337
1760
1663
4118
957
5025
5329
88
8353
5113
1383
5562
9050
2498
2785
8659
214
3935
4446
2408
7962
6837
4818
7496
1254
5230
3036
4454
8728
6481
1171
9046
2324
6266
5934
6009
6660
1958
1477
8262
2573
393
8215
7270
2683
9320
4989
8748
6264
8704
1339
5753
798
7111
3705
7443
9534
8560
731
3977
4302
3007
2621
5943
7027
5506
3523
2169
7164
392
2643
5591
7096
1326
7378
6910
5172
4852
7439
8490
9015
6721
4260
5942
9248
1602
3563
2366
7518
482
6545
5995
4279
7461
5629
2774
131
5654
461
7023
8760
6055
9956
9646
5738
246
9658
5543
1200
8034
6356
3858
8852
8493
7527
5679
368
2291
4049
1221
7968
6451
6153
3027
7059
8386
3411
2003
9160
3783
4589
3809
290
6762
9595
4828
5422
5505
2083
5779
4573
8987
7894
2998
3299
8541
5241
4916
4140
710
460
7671
9092
1048
8854
5918
7471
8576
5687
9913
4779
5672
6448
7879
8231
7632
1023
7489
5745
9906
2319
3077
5888
9544
4561
7410
3284
6540
3714
355
6464
6478
6555
8092
2628
6162
4985
1780
3745
1419
37
9679
1980
3666
3176
8073
7169
3165
6645
5819
5550
8750
6080
2554
8337
1790
6324
443
1809
8817
2244
5084
3758
9834
7375
3327
3983
5786
9076
8999
4638
6550
1182
648
8941
3116
505
2872
3097
1565
529
6889
7985
9883
2834
4040
57
5468
4851
7050
778
1964
9506
6710
2815
5014
6457
1317
4334
8851
7303
2263
7885
1955
3955
8794
1793
7399
8058
8995
3796
9999
7734
6412
6796
6733
6653
1640
4214
3210
1291
5869
980
5831
9727
3218
1655
2523
9357
145
6596
570
1352
3270
8723
5535
8455
8422
6238
7487
6402
2139
5514
62
6325
2559
6606
9274
5189
5956
5101
2265
4633
8954
1202
8395
7481
535
3061
4111
6930
1498
2524
1491
1155
8692
8755
2325
8318
3156
7761
9519
3485
8608
4599
1313
9307
1908
3356
5343
1216
9991
8506
2579
7227
4166
8212
833
2396
4611
7727
2847
3316
1463
8151
7756
8956
6420
6453
7713
9685
1324
2733
6275
2210
7778
4109
8825
2397
5674
2489
2500
2007
5536
1888
7295
1803
8937
3119
2232
353
277
2504
9216
9318
8841
7800
898
6960
2813
7782
7847
2248
2862
2011
2790
2576
1492
3658
1193
3877
1785
341
3907
9973
6382
2359
5722
2267
1634
9723
9411
6057
8778
4933
2480
5681
2589
3795
2960
7092
9209
1758
3841
8876
4626
6504
6874
5164
892
7363
7629
8929
2363
33
5315
2550
5244
3811
6587
5090
8245
2038
6211
1642
9085
9431
3187
2281
2054
8128
5495
8928
2407
3157
2088
3801
8209
8198
6813
5118
7636
8619
7402
6876
7258
846
4053
7261
9642
9302
9406
2929
2646
2496
4552
2479
8915
2136
4395
5246
2338
2507
6666
9843
5979
4425
7591
909
603
9634
5346
1236
1047
347
87
2086
4419
6959
3782
7105
9479
6832
636
8557
4871
9164
5423
9655
3289
5435
9954
2840
3468
7862
2274
6046
567
6365
7066
1233
9415
5835
5788
4513
6728
5270
4972
4958
7043
1974
7543
4878
6329
8758
8743
645
3224
3853
1530
1074
5085
224
6682
6093
1161
1262
6816
3136
983
5161
9143
1675
9750
4729
82
5883
4222
7428
2538
7798
974
949
8492
3009
4440
1476
8874
552
4247
2849
7217
9522
2672
7284
3188
5333
8378
8350
4886
558
8441
7286
9241
2208
4870
4907
4604
777
628
4703
2213
7886
4689
7129
3655
463
660
8637
9929
7209
9026
7037
8809
5503
847
4085
7167
9968
9286
9555
4976
363
885
6483
681
7627
7599
5165
8162
9556
4250
743
1160
6063
6637
1363
4991
9003
5347
5706
4590
6494
2814
4948
77
4456
4856
3898
6190
2391
8477
4090
9700
223
6206
5283
5578
1329
8757
4439
5365
200
7278
1823
2414
4311
8282
4201
9979
6107
4206
4846
5070
7678
5986
3204
269
9924
5671
9877
6623
8972
3601
8518
5133
3427
9771
9395
8130
923
5548
7317
6815
7991
9549
2542
6595
3438
5402
285
7394
1066
564
6969
6286
5749
8133
1264
4345
7445
3447
8042
299
3836
7540
7321
1294
5658
8549
4742
3739
2636
7641
854
4329
38
5348
3970
2671
4832
1243
4906
2555
1582
7830
4782
1298
1903
7499
8447
7338
747
2485
6865
2661
7781
1426
1283
7695
1555
2744
6171
6007
953
6182
1707
2990
2221
3570
3129
2823
9277
9047
8122
7305
3978
1544
8873
5622
1403
8160
6300
349
5667
3558
6492
4381
2730
8227
5119
4798
8907
3867
4450
8103
5382
3331
9459
2656
6410
5273
1399
69
2256
2118
6250
1986
9837
3962
916
3508
2385
254
8153
3647
5974
2082
2958
9082
7214
8157
8802
8910
8634
2989
8246
7247
6647
6026
2258
3382
6362
9585
1516
9543
2370
9695
4837
9980
1911
6734
8387
2017
6612
2894
5404
325
2484
141
2150
2487
4187
6127
2830
241
8101
7146
162
7704
1062
3464
9198
8983
9468
9816
7319
8860
582
7153
3434
6308
943
3177
6741
5774
7942
4225
2058
7053
2224
399
4179
5614
456
5089
804
7383
3385
4783
6755
7356
3630
2634
8176
938
7241
319
3541
6613
7198
2378
4700
4036
3704
6292
5081
4924
769
8480
1833
2527
8828
5966
2301
1624
7996
3904
809
185
1591
5342
4346
6059
8919
1718
3339
869
8739
1169
1414
1950
7404
1749
3378
4389
2125
5538
152
2604
3633
2219
1163
351
988
2979
9691
5530
7468
2449
9331
530
3958
698
6183
4623
7618
9850
8967
5564
7190
8066
7187
621
3417
61
787
89
5890
5434
2493
9845
4610
9487
7444
5592
9504
3415
6859
103
8725
2353
2260
398
8885
4753
3360
8501
695
222
1921
6537
7300
2595
6301
234
4405
5275
2839
8022
9882
8862
7494
383
565
1103
1767
85
2004
1696
7673
4987
7420
9801
5151
3194
163
9710
2566
1945
3367
791
680
6455
6746
7417
3819
4853
3519
3492
6880
6347
800
5312
7911
8464
471
1472
947
7698
850
7541
1658
1685
4304
7945
8334
3711
4884
4167
1890
8575
485
5846
4493
8511
2666
5413
5767
4273
2812
4966
3707
9737
519
955
6146
7795
4661
9654
5805
2026
7255
9020
1429
2882
924
5210
7868
197
7492
9748
7071
6155
896
6998
3075
3627
9751
1917
9414
7664
1012
5041
5739
2286
506
3298
2611
3860
9696
173
3012
9596
3392
8060
4639
7507
6863
3600
4785
9135
5105
521
9826
1282
6164
8177
9604
8583
6632
8834
4148
6731
2019
9887
4068
3071
499
2725
8012
4755
9931
4034
1680
1416
2887
5731
5061
7557
4597
4372
6430
3049
6850
8655
3863
7963
7883
2663
748
7929
871
84
3257
6189
9791
5003
3443
4646
271
5221
5021
6673
1343
2975
8296
9363
1941
4154
1344
5894
3897
1060
9061
6350
7794
7473
6242
8256
9835
734
9988
3199
3844
4936
3719
1907
6256
922
7998
5231
1280
2686
7900
7273
3999
3069
2101
7737
9813
1072
4829
4718
6646
7292
410
6825
862
8618
8624
3543
5769
4088
8308
9624
6758
3419
4308
6983
8558
8644
5998
7491
8491
7128
4920
2337
8031
7823
4505
3502
5798
2724
1646
3954
7355
5389
1776
2173
8463
1006
7953
8014
6097
2066
6657
9441
4431
5664
3025
3549
9059
4939
9898
8461
9188
6197
6663
4789
7434
944
3047
6547
4061
2662
7094
1391
6739
7223
1731
2713
9717
8184
2199
8040
9062
6037
9764
8709
400
5111
8628
7161
7251
8798
9460
9702
6482
5717
3808
5987
8767
1222
5673
3698
3969
3158
101
9099
4515
4694
4097
4165
6104
8096
2051
2620
2831
1290
662
8180
2097
9219
7630
8717
8779
3856
7390
2192
5836
4559
7993
9874
3052
4563
7108
1515
1440
9777
2342
5373
3317
2895
3442
1405
6901
5124
4175
1923
6429
9520
7663
904
1573
5109
7711
2191
5625
9355
1271
533
4257
8849
9537
2935
8789
3660
8216
4180
4066
8588
6892
5059
8823
2332
5353
434
3620
3926
3610
4707
7058
8083
221
9365
6625
5695
3004
4122
1064
8030
2062
188
3729
5636
810
1842
4071
7722
5056
5649
7522
2822
464
7593
727
263
6208
3256
2237
6387
693
1432
2070
7908
5462
7188
2361
5380
3542
3398
5837
6447
2272
1839
9490
9900
860
5575
5177
2940
8349
8253
4445
5332
5421
5445
7661
3453
2369
6700
1577
5772
2470
4360
7645
1629
3665
3831
755
136
7068
382
5726
3320
7140
3082
8013
5549
478
6615
6419
4115
2807
1360
517
6797
6592
3386
8154
2962
2945
601
875
3838
6919
6633
8116
928
7459
3742
4336
6635
8214
3721
3086
3710
8146
377
198
3824
7997
8671
1415
6304
7097
2454
889
3686
6108
8321
3285
1850
513
1753
6908
2120
4587
1672
2335
2889
5609
6285
1289
2517
7572
4185
7615
5290
514
5004
4904
7898
4299
5857
4294
4581
4944
1370
4467
6187
7586
927
7369
3450
5985
3287
8800
3689
4460
5656
689
6346
3087
6925
6624
3548
2804
1990
6078
5335
7062
9210
3380
8426
6542
9281
1792
3311
7828
8951
7275
6178
5083
8402
3626
2356
1392
2200
9770
3781
4608
2942
261
3696
9193
8754
1815
8660
2243
6532
5517
8188
9360
1559
7939
5604
3211
7639
8734
7418
9583
7768
4378
856
6558
5936
8651
5720
6221
8481
6133
5828
746
6255
3217
5017
490
9237
7758
3487
5558
4313
4867
7565
732
2645
9778
4
403
7476
6295
3495
3437
1664
1513
8623
5510
9774
1332
5262
4301
3504
3621
323
6082
1439
2505
4617
4652
147
2837
8300
4237
770
4269
4388
7039
4309
9121
6226
7502
1651
4654
3640
8264
9760
908
8890
6754
2141
3209
3174
2598
4181
9949
3065
7919
3827
3568
3732
7643
8356
643
936
1732
9077
2886
9470
3702
1617
5153
2786
7988
134
8633
3688
945
6829
716
8957
6106
8947
537
7175
2471
1257
7790
6168
8158
3848
9539
7754
7990
7089
7122
1120
2581
1603
9524
760
9566
7834
6716
6996
1247
4258
427
391
4337
9488
6258
7159
6355
239
1695
5879
6303
4929
8524
358
1301
1735
1049
1698
4569
9434
872
979
8403
3918
2678
9811
6679
5582
9392
2748
6520
8135
3943
5258
1505
782
2851
8544
2617
9163
9467
1487
2134
5047
5304
1082
3667
4120
2881
1616
2767
8654
8112
6443
5747
4553
6353
6120
4913
2512
5446
6470
8197
7870
9625
1518
4551
984
2631
7079
1355
5143
3391
4415
3347
2450
1373
3168
1140
4501
8622
4516
1528
1459
3637
8047
1035
5851
2673
4872
2779
7480
8283
4352
1028
4210
6803
1517
9884
6261
1268
5944
2516
6241
9560
863
604
3431
3321
5461
915
4550
6352
7485
848
2836
3491
8845
7155
3740
1662
5254
8925
7382
9089
2333
5305
3493
4220
6074
3432
2362
7762
1643
201
7003
1297
4588
244
4660
3606
6315
8137
4616
1531
5647
5908
8534
6936
4471
1402
3149
3842
7914
1179
1166
9733
9215
4506
3008
7848
1740
3309
5668
982
45
5107
9573
9340
3532
8465
7243
3374
3639
5554
9417
2306
8223
4000
5913
3190
9317
912
3776
1595
1679
1736
8531
3126
8614
8257
7642
6626
3882
4821
5185
3852
602
1069
4157
2275
3516
5159
4764
8230
6193
1189
3734
8193
6488
4255
7647
9513
6951
4951
2716
6634
9535
2658
1044
1891
8331
3528
8771
7267
2351
4996
3560
144
873
1746
4533
6237
252
7052
2323
9839
6991
6777
1058
6616
2462
1039
8363
8525
1676
7334
5487
757
1118
8867
9141
5169
2027
3779
78
4351
4542
2932
4047
7895
3643
9463
6650
1278
7740
284
675
3717
8991
1359
5605
8508
95
7163
5451
929
5330
2184
5523
5322
8642
8716
844
837
6729
1330
2456
2879
2056
2428
876
9997
8357
8479
6888
1249
7701
2392
1665
4600
7769
8068
6820
7941
205
9582
2111
5776
2122
2225
5405
9179
691
4591
3345
795
5509
3067
8515
9261
8448
336
3390
8599
5968
9480
9939
5158
3358
4666
2331
8613
3679
334
9736
8097
3246
3870
3709
5418
7505
8761
1102
1677
7381
2562
4094
579
5785
3133
3373
259
2464
8420
1973
9976
9032
6730
3946
2444
3825
2329
1398
4377
6469
3268
1404
5345
3466
9978
5729
3023
5718
8369
8603
1346
1442
9437
4956
3361
5971
3436
1913
6974
8806
7372
7617
4457
3397
7235
6332
5094
9086
6194
3774
6497
4161
9857
6938
5634
3900
532
8080
1335
1701
7060
1682
6335
3131
9580
985
7602
3990
3428
2694
3328
8218
6858
2560
2405
7612
8001
7067
6340
4487
7433
7127
6764
5268
8570
1529
4080
907
2412
9831
5015
6394
9481
6431
7784
853
2883
3073
3674
3484
6988
7978
9689
7259
3887
6973
6939
4827
3756
2410
8052
9202
6089
1275
5492
7857
257
1806
7358
3441
9990
5777
8405
4766
5064
6377
4033
6971
4914
2794
7571
6223
3254
2876
4609
2227
9031
1353
5560
7903
781
8069
1596
2317
9821
3976
6051
8147
4519
8071
6100
6019
4756
3873
17
1538
584
5086
5100
524
6722
9045
3930
654
1001
1755
9838
1132
2706
7825
7840
5612
8063
5323
2742
6249
6357
6088
5730
6804
9952
4817
8343
1501
8009
401
7558
4578
5074
1912
1253
1552
9326
4602
7955
1540
3507
2296
1813
5179
819
8020
7957
7093
9965
6561
8784
6130
5676
8150
9103
5176
6563
8764
562
4113
1245
6711
9578
2341
725
5871
6392
1026
9462
8632
9155
5568
7000
9379
7057
3890
585
9073
9807
5770
8516
1224
2264
7843
3449
5183
1106
2971
7482
9629
8335
4677
4158
2418
595
4321
3694
9072
2044
2898
7211
8658
1641
6158
3365
7532
9678
6381
6565
1173
4298
874
2765
7969
9253
9950
668
926
5764
6367
5376
5573
4568
741
1970
2570
1014
4541
6753
335
4126
7032
1097
8762
4612
7623
9111
6149
2708
3370
8266
2021
5594
7069
2377
6898
7676
9132
8943
5115
3337
5292
9916
753
2142
2163
5864
8812
7926
1650
2371
3259
5847
1927
5310
9825
2918
2197
1704
8439
5456
6083
6756
794
7833
571
3051
9126
8872
6506
9332
3511
666
8816
9384
2216
5663
7002
4807
199
638
6327
4759
1914
2060
7082
9338
3820
2131
55
4473
9413
2921
9880
6081
6343
6946
7976
5580
1526
9674
6752
6224
6621
1937
6027
3241
4078
232
1040
8539
3106
694
3112
510
137
2261
2367
9772
8683
8639
2912
6184
3623
3869
6599
744
6916
2374
3423
5916
2181
4876
1273
5919
1597
1808
8864
5742
8323
6441
6174
1465
8977
9056
4477
5030
2214
9005
4371
4793
6668
9350
5669
9623
4359
1146
4741
2384
8645
304
8239
1681
4631
1978
2959
3584
1866
7145
8217
6234
5901
5646
4912
4777
74
2276
724
913
750
4811
23
820
6067
3948
4338
9829
2933
6903
7577
5928
2692
7633
5532
4653
8467
5690
5711
6883
1070
3579
1604
2039
4465
4540
7735
1976
2913
8691
7812
1400
7205
2711
7716
3084
4412
9752
9166
5321
5209
5947
3445
4480
5873
5220
7466
3684
231
1168
1462
6034
960
857
4305
4383
135
7073
5975
9438
328
7575
7413
6091
6017
934
4027
474
3996
491
9011
3892
8051
5697
6954
5703
4369
764
2170
2584
7747
9694
6831
961
206
9927
2012
6490
1545
7285
9245
9222
5930
5352
7560
1365
6326
2438
4663
452
9236
4642
891
3833
9673
192
5867
3806
1557
6427
1872
5245
1105
9252
6072
3736
7347
1443
2906
426
9974
5552
3513
2751
6217
8813
9531
9744
3879
4194
2001
997
1804
1167
3638
9603
1197
8117
9117
4393
3924
1727
4893
7702
1364
7412
1108
9879
2073
9257
8280
8131
886
814
5453
3902
7679
5914
2984
5002
2146
5795
9822
7065
2417
8326
586
48
1710
2360
8600
1968
2699
7860
7264
8948
685
6979
3992
6856
834
8206
7749
2944
8811
1053
7010
5443
531
6814
6411
576
8897
5390
2993
6405
9538
8074
1772
6912
7038
3567
5281
9530
1237
5640
793
5504
8195
2682
184
6397
92
6826
6860
3305
2427
5377
9892
8586
4107
54
2268
7158
5357
7077
9904
6244
4358
6424
4979
3994
7166
128
6844
305
342
9742
8384
7254
8773
1959
3214
4702
1428
3164
4482
4770
8244
5977
8124
7064
3215
6207
4645
4491
1610
4695
999
9855
5053
2623
3207
3238
5239
5688
388
5665
2439
3780
7307
1234
3422
7288
53
4657
42
5587
1318
4463
2154
2622
4403
5098
4744
931
7763
7595
5870
9402
5392
6575
1648
6041
3572
2127
5581
3741
6915
9548
4391
5406
2569
5259
2034
658
888
9823
7871
977
7463
7335
5876
2902
9869
9297
282
7210
5961
6066
3791
7322
2618
3462
6463
2769
2572
7733
2014
752
7028
9961
9926
7811
1412
1029
5282
1078
9404
2152
2429
7464
8577
2949
5941
728
8330
8111
8099
7712
9941
3006
807
66
3991
5617
4699
561
1611
7766
9963
3787
9358
7887
5849
6313
4518
3401
7318
2316
18
6890
8276
3366
7422
1661
8793
2049
7582
1900
2300
8472
5407
3599
739
713
4347
6209
5278
9707
845
1631
9780
5069
7513
3554
1851
9652
8366
2033
4762
9917
1844
7171
94
1386
7325
7940
4534
3592
7208
7748
8288
2249
613
5249
6277
6129
5386
5945
7613
279
2390
6572
1030
311
572
138
6688
5318
1824
1716
1997
9681
8483
5782
9638
6972
5794
8916
5431
7504
3195
5707
8249
8736
1423
4522
3941
9653
890
496
3967
1420
6554
1154
8880
5666
1367
2018
4427
756
526
4256
8032
435
8303
6043
9138
7192
4095
421
1357
8932
4458
8970
3078
3837
8174
5182
310
8824
307
6262
4555
7921
1977
6202
4183
5132
1520
1272
2890
1152
370
7775
4528
5251
1585
7143
5910
7961
2071
8768
4675
9321
4035
6087
5962
3988
2892
7588
799
3986
4768
3446
4963
1338
5467
1447
5302
6573
6213
5362
151
331
1871
9268
2188
4833
6655
9762
2253
4054
7436
6232
4950
1068
7818
1304
1031
5337
2626
8850
720
6319
7972
5585
3349
4865
9385
8415
6479
9249
4392
9738
337
1991
4234
3416
6902
9410
4795
6579
2983
2715
3656
7371
3295
806
9147
1144
549
3569
90
3596
3910
634
4527
8379
5199
2448
2373
6383
1928
8909
963
1327
4348
3818
6032
8898
7006
6783
9592
1994
9765
1437
9204
9255
4773
3294
7350
9439
7608
6260
1131
5791
5011
8202
3002
8016
5915
5201
2495
9308
5862
8352
9599
4823
4739
6173
3953
5223
4891
1995
9452
851
5460
3789
3252
9483
7621
4421
2234
3597
1265
7360
4361
6810
1725
6737
7587
6170
5759
9276
4285
7920
5066
6549
8050
4790
484
4310
2934
583
581
7689
2041
9722
7902
2994
650
6654
1084
4374
3312
1075
7291
6454
1827
6843
4960
4544
8010
5242
5619
7738
7994
2864
4249
1525
6597
2472
9972
7199
1791
451
235
2304
9424
4728
9075
8652
9507
9757
2754
2788
9019
9568
4740
8896
1618
9432
7724
8341
4241
9756
7081
3760
2800
8006
2843
6529
1896
1794
3172
5607
1051
2215
2346
9106
2968
2884
4466
2791
2469
3767
1551
3074
1461
7026
280
1059
3208
5141
9998
7041
6790
291
9908
6948
8866
7260
9349
8436
9755
3921
394
1455
3092
7604
329
91
7340
7044
3230
2964
7075
5038
5051
5054
52
3273
3800
2820
9416
4788
1854
9301
8938
3272
1309
5433
2684
9454
8410
3797
5157
3952
5444
6445
2727
58
5651
6268
2953
2345
780
796
879
4607
8159
2098
4572
8756
1630
972
7657
1802
7181
8870
7909
5724
8979
5018
671
784
6265
466
1314
9921
1590
8121
2602
933
4664
8663
171
9664
7744
5163
8797
5031
4330
5860
4232
7530
2008
5160
102
1821
1065
7984
1756
3379
5
1922
3971
7172
9398
164
4019
3578
4282
4971
9259
5937
5022
4898
3329
4641
3185
8458
9803
8609
6101
9527
3925
9370
8536
6631
4640
9958
1238
9446
3645
3553
1016
3773
6196
8056
8630
2784
3909
6614
9851
8556
1125
2710
75
673
8113
3594
7224
8025
5225
4662
7709
7336
3307
7013
3202
4012
3506
8597
5152
2518
2985
4079
6172
4303
6855
8881
176
4178
2777
2050
1389
3015
9267
1875
5989
7376
5709
9643
7406
9367
6968
3399
3587
7346
5307
2532
1522
3574
1899
9456
3456
9091
4962
3835
1635
706
8186
5981
9794
8416
1669
8452
5490
3016
1493
6498
275
8329
7250
2963
6186
8670
6792
5529
5825
7316
783
8993
4112
8831
2457
2270
1101
1904
8457
4812
4775
1348
3151
2701
420
9620
3985
2680
766
9666
9035
7005
4202
4274
8727
9323
8155
4470
1542
7419
5491
9296
9122
3613
5702
3816
5497
5565
4938
9920
9223
4138
3678
964
9273
2928
9864
3812
4076
4056
2425
7605
3595
8865
1670
1119
7520
4758
9211
49
9021
5229
4691
7906
8587
5680
5855
3470
5821
6774
4018
6363
8545
615
610
2380
99
8263
8221
32
8594
1214
1787
4537
978
2596
7403
1312
5643
5528
9894
3234
5350
3728
1627
723
2594
7144
8496
1613
9745
68
4556
6435
9633
7982
8974
4927
2811
8640
4235
8372
8582
9944
6379
8950
3929
4941
5240
1458
6929
3913
5077
6181
5145
2676
8685
1227
1825
5063
5748
9574
7656
3395
6630
9391
2587
2520
3222
8966
2015
1205
8475
2582
3458
7767
2024
3874
1093
1539
6893
7139
2175
372
8314
2355
3216
6564
2827
1336
7907
253
7121
1601
6636
9386
1334
9192
2833
6012
2046
6909
3922
1409
8286
3552
9145
2278
4164
2313
9356
9303
9699
6201
8949
1231
6316
6942
21
9401
3318
4333
1762
5073
2095
7195
458
7298
9409
5193
970
7791
749
707
2277
3749
3372
9773
925
3054
6297
7178
9214
3094
7829
352
622
3582
5277
6895
3598
2536
5827
9593
4356
8396
2583
1034
4478
2544
5029
6830
5909
6289
5817
8267
1378
9792
1770
1835
9393
8662
9546
4103
6884
8774
4858
8059
5897
6781
1852
5783
1938
3102
6894
762
8884
5043
4830
4601
616
4629
6861
1812
4778
7009
3410
5744
825
6877
5991
842
7927
9591
9
5756
4315
2447
9769
442
2546
1248
2723
590
2048
577
5500
8178
7495
4017
3250
1948
9130
7329
2226
4984
3017
1881
5586
3
1943
9536
1453
5736
1626
9364
8098
5103
7787
6726
3332
8084
3181
6992
7132
7624
1276
9945
8033
6167
7280
3682
5516
4340
3405
7457
6024
4314
1445
4192
6503
6989
8532
5762
1673
6423
7566
1777
8726
2164
2931
5035
8933
7
9502
9994
1418
7296
7046
3334
3303
4805
302
2388
9134
9328
6687
8922
8859
1820
9508
106
2441
5641
6323
3013
7488
6348
6076
8043
4781
4104
2677
6740
9030
51
730
3938
2172
7999
7011
8677
6111
9492
2292
255
3987
4042
9394
5958
2966
6215
9542
1751
2404
4892
7628
7590
884
3110
2107
8110
9256
6576
2614
3223
9660
6212
5175
9070
1814
309
2539
1366
5410
6987
226
411
5721
9486
9342
6559
2235
8572
9793
9800
1372
1999
7467
6697
4215
6413
9270
5181
8324
5811
9359
243
1766
7157
3200
9266
954
8573
6833
7601
6467
15
9151
6845
2638
1688
8460
174
8302
5206
7918
6273
2179
6094
1393
9703
2461
4136
9594
7687
4288
3693
9692
5065
4422
5010
453
481
6811
2406
5214
153
4814
2600
9071
217
5627
6318
2599
1689
6544
2205
3056
3310
9284
8788
6956
8738
1407
9665
7299
9854
7435
4143
1185
9601
4860
211
9285
9971
2810
4940
497
9909
1935
2422
677
4520
9048
4585
8385
3123
1608
8136
7148
1055
4524
1654
6937
7465
1885
193
9397
8000
5874
5399
5970
5401
6501
6842
2330
9768
8105
7751
1726
9818
5893
6373
4030
3213
4335
501
1778
139
4469
4373
4715
191
5763
738
2000
6143
2409
5096
4108
7670
1738
7116
9316
5436
5927
678
1757
835
6689
487
1645
7822
6526
7950
651
8741
9942
7877
3571
346
8693
9719
1647
3046
2988
5448
6495
4244
9455
8207
8319
1422
4752
7786
3849
2102
5904
8829
8394
5075
9947
4899
1605
1869
4459
4635
8805
8199
3577
3581
3995
3982
315
1880
2726
7423
3418
5892
534
2698
6058
7570
5311
9930
9712
6906
3064
8431
8120
1319
4468
9731
7913
8627
2135
9044
7614
5734
9096
1988
3821
1951
8336
5363
5648
3692
667
3725
3024
1117
3690
4632
4322
4096
1940
1142
1351
8204
8675
5450
4064
1620
9649
6791
7807
504
4866
1052
3342
2838
44
629
8370
3343
7086
208
7234
1533
8656
9541
9641
4671
5196
8361
1859
5097
8077
7667
8863
7637
4665
7752
9201
4248
3981
2739
9720
9670
9648
9730
3308
2952
9269
3160
9613
9656
8333
692
1143
3111
684
2238
3145
2707
4083
8620
4496
5129
7189
369
250
5584
4883
5271
9482
6396
5635
9174
8254
4452
390
5630
2074
9208
840
8980
7078
5571
640
5508
4325
5900
4560
2445
8996
3021
3659
9925
8087
6735
1819
2868
3505
3712
8360
8893
6841
9229
6280
2072
3699
7975
4901
9476
6658
6302
4032
9499
1095
4512
9033
2909
5878
3673
3771
8814
1541
4495
6584
8700
2372
7835
4503
3724
1379
2137
6512
6652
4475
8434
6116
2736
7409
9097
1865
2474
4977
2503
4735
5705
6567
9337
6345
9109
618
2067
5613
7110
1742
2521
9517
9630
2797
5806
9473
6147
2240
7124
4526
4998
969
2772
5809
9812
8686
9137
4839
4207
1020
952
6136
4046
8653
294
2112
7047
554
7342
3671
4069
1107
1979
397
9040
9369
3815
6389
1369
4442
8298
6661
1054
3475
3494
8219
9351
1190
2506
4151
1037
5370
8226
9682
7051
6742
6233
1692
8171
6450
7438
8065
7427
7878
1350
3019
4188
905
8815
2357
8612
424
1479
9170
9686
4343
1401
9250
3649
2081
5778
9747
1694
7596
7304
2657
3535
1619
5478
476
8067
4344
712
1448
9552
9975
607
402
6918
1734
428
4973
6978
4009
7770
3435
7453
7154
8187
3564
612
6328
2287
4272
364
4380
8316
5260
7646
4114
7714
5693
9428
5007
4672
3683
4676
4038
24
3044
419
7610
7956
569
6192
2703
7367
6134
8408
133
1267
9515
7574
6627
2115
9429
6493
3537
8235
4266
313
7475
7839
9451
5588
4964
2043
5595
7246
4509
9749
8992
7850
9232
2846
8371
498
6955
6003
3662
266
4687
2096
3429
4586
4362
721
7916
6944
6603
4566
4152
4643
4523
1320
8399
4945
8488
1898
8982
8985
7083
1877
987
489
8297
1720
2182
6568
2854
2558
7776
4836
7432
2627
789
10
5306
3663
9632
6045
1158
8278
2893
4155
8429
4510
4417
7600
8261
8877
236
5830
830
4426
7680
4153
7279
3258
1592
3906
4276
2239
7801
386
6794
1145
9430
3124
2557
3335
4387
8499
2674
8689
9060
4342
5187
6500
50
7237
8892
5269
2395
3703
6391
1606
1527
8801
7239
3862
7386
8715
1204
7165
877
3551
9888
3770
5489
7031
2117
8733
2415
2746
4045
6952
6818
5988
3175
767
3279
6177
1046
2773
7867
8930
2475
3255
2856
3461
130
852
3614
5150
1002
3937
8858
2348
7345
6354
3324
5027
6789
3786
417
4461
6566
4168
3510
7981
4717
9798
2245
7858
5790
6442
4149
1292
5351
6531
262
1311
4399
5149
6963
2514
3775
228
3761
6247
4849
9914
3029
22
0
